param n := 3;
param cardS := 4;
param cardA := 2;
param num_cons := 2;
param num_prim_events := 18;
param num_events := 6;
param num_events_one_cons := 3;
param num_prim_events_one_event := 3;
param gamma := 0.5;

param P := 
[1,1,*,*] : 1 2 3 4 := 
1 0.182911326768 0.318397246754 0.42334242268 0.0753490037979 
2 0.102304681832 0.0256639316401 0.833764121937 0.0382672645915 
3 0.242637300912 0.0867096593288 0.303067624249 0.36758541551 
4 0.231995628211 0.170029927496 0.114976155325 0.482998288968 
[1,2,*,*] : 1 2 3 4 := 
1 0.479770409326 0.0212285937934 0.148777249628 0.350223747253 
2 0.0533566999358 0.244406463646 0.318245028144 0.383991808274 
3 0.224850618212 0.228312591963 0.112533438255 0.43430335157 
4 0.194763212213 0.390867897363 0.0986249755484 0.315743914876 
[2,1,*,*] : 1 2 3 4 := 
1 0.1888216064 0.23018621525 0.404888505637 0.176103672713 
2 0.0321423730985 0.13626462073 0.442304045543 0.389288960629 
3 0.2165854076 0.211164210313 0.144300527735 0.427949854352 
4 0.323783113534 0.375517631994 0.116833683106 0.183865571366 
[2,2,*,*] : 1 2 3 4 := 
1 0.384461401649 0.252103718935 0.259458015666 0.10397686375 
2 0.406000409526 0.0674170072632 0.2002626021 0.326319981111 
3 0.299638001876 0.197763130601 0.310860496252 0.19173837127 
4 0.255385616835 0.314703762771 0.250651700936 0.179258919458 
[3,1,*,*] : 1 2 3 4 := 
1 0.340046292647 0.428408220878 0.0720106998184 0.159534786657 
2 0.16855640378 0.19261924599 0.370385061467 0.268439288763 
3 0.358438136642 0.36527597531 0.222774946744 0.0535109413038 
4 0.0392312340842 0.216251427288 0.539666464942 0.204850873687 
[3,2,*,*] : 1 2 3 4 := 
1 0.384720859185 0.0338069357614 0.454155466574 0.12731673848 
2 0.276984538957 0.237541904369 0.1253252704 0.360148286275 
3 0.0709493756857 0.0913031475924 0.304155746714 0.533591730008 
4 0.367131135794 0.187849805726 0.226872733812 0.218146324669 
;
param R := 
[1,*,*] : 1 2 := 
1 1.32263371292 0.732937577469 
2 -1.72799283842 -1.52689678381 
3 -1.354571106 -1.73483640872 
4 -0.648626771831 -1.06295220312 
[2,*,*] : 1 2 := 
1 -1.64285912852 -0.472870322348 
2 -1.99432143957 0.205132164387 
3 1.95917062205 1.98451917487 
4 -2.17952432836 -0.076942971724 
[3,*,*] : 1 2 := 
1 0.0327494087824 -1.34022857231 
2 0.995869236678 2.16056647884 
3 -2.43933249387 0.0283117782966 
4 1.89561837121 0.861954807992 
;
param alpha : 1 2 3 4 := 
1 0.25 0.25 0.25 0.25 
2 0.25 0.25 0.25 0.25 
3 0.25 0.25 0.25 0.25 
;
param creward : 1 := 
1 0
2 0
;
param prim_event : 1 2 3 4 := 
1 1 2 1 3
2 1 2 1 2
3 1 2 1 1
4 2 2 2 2
5 2 3 2 4
6 2 4 1 2
7 3 3 2 1
8 3 3 2 3
9 3 2 2 1
10 1 2 1 4
11 1 2 2 1
12 1 4 2 4
13 2 2 2 4
14 2 4 1 1
15 2 1 1 1
16 3 3 1 2
17 3 1 1 3
18 3 1 1 4
;
param event : 1 2 3 := 
1 1 2 3 
2 4 5 6 
3 7 8 9 
4 10 11 12 
5 13 14 15 
6 16 17 18 
;
param cons: 1 2 3 := 
1 1 2 3 
2 4 5 6 
;
